"page_title","text","url","page_url"
"OBS Den Bongerd - Schoolgids","Download hier de volledige schoolgids","http://www.obsdenbongerd.nl/images/bestanden/downloads/DenBongerd_schoolgids_17-18.pdf","http://www.obsdenbongerd.nl/schoolinformatie/schoolgids"
