"page_title","text","url","page_url"
"O.B.S. de Dordtse Til, Nieuw Dordrecht","Schoolgids 2017/2018 (PDF)","http://www.obs-dordtsetil.nl/bestanden/file/Schoolgids%202017-2018.pdf","www.obs-dordtsetil.nl"
